header: 
  seq: 0
  stamp: 
    secs: 1544516738
    nsecs: 921187732
  frame_id: "kinect2_ir_optical_frame"
height: 424
width: 512
distortion_model: "plumb_bob"
D: [0.08373410254716873, -0.26554039120674133, 0.0, 0.0, 0.10111349821090698]
K: [365.86370849609375, 0.0, 256.25799560546875, 0.0, 365.86370849609375, 212.40139770507812, 0.0, 0.0, 1.0]
R: [1.0, 0.0, 0.0, 0.0, 1.0, 0.0, 0.0, 0.0, 1.0]
P: [365.86370849609375, 0.0, 256.25799560546875, 0.0, 0.0, 365.86370849609375, 212.40139770507812, 0.0, 0.0, 0.0, 1.0, 0.0]
binning_x: 0
binning_y: 0
roi: 
  x_offset: 0
  y_offset: 0
  height: 0
  width: 0
  do_rectify: False
---
