header: 
  seq: 10829
  stamp: 
    secs: 1544516688
    nsecs: 820440027
  frame_id: "kinect2_rgb_optical_frame"
height: 1080
width: 1920
distortion_model: "plumb_bob"
D: [0.062456685405971296, -0.07797807986346313, -0.0024489260172641885, -0.0005796071208625166, 0.040322116836805304]
K: [1100.2110905930667, 0.0, 938.0600732774978, 0.0, 1103.0214572326079, 531.8858083599055, 0.0, 0.0, 1.0]
R: [1.0, 0.0, 0.0, 0.0, 1.0, 0.0, 0.0, 0.0, 1.0]
P: [1100.2110905930667, 0.0, 938.0600732774978, 0.0, 0.0, 1103.0214572326079, 531.8858083599055, 0.0, 0.0, 0.0, 1.0, 0.0]
binning_x: 0
binning_y: 0
roi: 
  x_offset: 0
  y_offset: 0
  height: 0
  width: 0
  do_rectify: False
---
